$ANSIBLE_VAULT;1.1;AES256
35623663643465303239633037663930666530313064313165363464316261316137393335646638
3636393033366335356436643939373634336131333139340a313361376433326462346538613633
35346638373831303834343039363165386333353436613233613234643865353032323363613436
3534306563623438350a313935316236656534643135373238363930346437656231306633363837
38333762313533353462643266643938623262343336336130366431653636623238303164643566
39633836366134613162636235326165363466376665316564323637343231393635353538346636
35356235343930396366643064666432616161386465363835643435393039633336326237336335
33326561623837646233346231373564616533373439366532336461353461333536363333396138
62326263656230336538623166386531616562366463653036613434316431333536666133643235
38366266643161653165353631613737396139353437383835373862613530653962323762643130
34653736653237636432306466316261663331363337653865356233393939333339316639303034
61656464663839626337396666643531636666346662326364666564316632653738373135396164
36376334363831393963353533376266646436383562373565636662393438616362336232613132
30653536393939303764383035663639383832643435663464653835386133356562393738336361
64303038376134666133653638626538393339373734376361353862643035656539333262653163
63633439303639656331613836613435666636356137366139313466333862363030393561383332
37613138666230663134313230633263333838343966653132336464613766333862646138616461
64333463623139303739373137366161356333303763616163626364333863323939393564363839
34306332303130636431396166303862383831346262326233666130393036643039653561623363
62633738653633633437616131343661646131613532336433663338366566313266356265343830
33343034656231353234303263373563616132343135393862313862646636613936336236336337
61626431316532643937646438643732343333303435633337386637373534336630633235366633
61613439346161396561616431303433353932666662383934616434643162393538623331656266
62363762653437373733316138326138653264303339336235653439343237316632366237343834
6132
